0
1047537
1986111
2839133
3608633
4276874
4832285
5296207
5686195
6011039
6277814
6491154
6666462
6816071
6949787
7071302
7185343
7291503
7392012
7490081
7586762
7684777
7783910
7879924
7972485
8063235
8154597
8246279
8340202
8436756
8538161
8645903
8758613
8874012
8989494
9105870
9228292
9366230
9516462
9677890
9858823
10051999
10269757
10562629
10941251
11398132
11934984
12503400
13095509
13684931
14266145
14822046
15347274
15856923
16357724
16851842
17352293
17851115
18416402
19076008
20122446
21540662
22982072
24312976
25603622
26906048
28278329
29724234
31132416
32547263
33988897
35531877
37160733
38744084
40232880
41664063
43017633
44332772
45646921
46948434
48230596
49473017
50686713
51857455
52985337
54101344
55202632
56284039
57341293
58372432
59384406
60417344
61482142
62594803
63728842
64885990
66074012
67281509
68485468
69722684
71000685
72290242
73596381
74957630
76318587
77642903
79017555
80511504
81996677
83472874
84895825
86247795
87549398
88792091
89976632
91076207
92091053
92974693
93771174
94500544
95210802
95930289
96631799
97329213
98035322
98719487
99398317
100092298
100850842
101690245
102516620
103319048
104091511
104833448
105523747
106147777
106708869
107214661
107664721
108080652
108510471
108988453
109516208
110068746
110619850
111130414
111600482
112045031
112478244
112892872
113269207
113631874
114061739
114626160
115230173
115803746
116337049
116827143
117312073
117762232
118150183
118527032
118960188
119424034
119879052
120295018
120621417
120868624
121154510
121506429
121907947
122331328
122708087
123016690
123295648
123606293
123927180
124202951
124418759
124557874
124700838
124907963
125160641
125430092
125703805
125982174
126263144
126551644
126849388
127154927
127458358
127748730
128018803
128281690
128535108
128796425
129053302
129301356
129541811
129775254
129995997
130199188
130372644
130516601
130635635
130772367
130906198
131039286
131186214
131340462
131472470
131590073
131714111
131841402
131971896
132115190
132262145
132402511
132528202
132649892
132782388
132940401
133110315
133301414
133529364
133800078
134165739
134631664
134991842
135207213
135400004
135680521
136077502
136509097
136933978
137376073
137850153
138449427
139214234
140076879
140871317
141586279
142233233
142873112
143457639
144010021
144685424
145395814
146034611
146635884
147194507
147745266
148296469
148870552
149460071
150070345
150715495
151351392
151932259
152436778
152879668
153239405
153542614
153883125
154270380
154648127
155013912
155361714
155682352
155985513
156326686
156714562
157119170
157554373
158045941
158519249
159018426
159525890
159976181
160399377
160789812
161195952
161627892
162116116
162590028
163050493
163529678
163997006
164441860
164878361
165321265
165780948
166251418
166730778
167216397
167723491
168236560
168729961
169213551
169710665
170209611
170674624
171141012
171614250
172108861
172645962
173219510
173817120
174430623
175052338
175666713
176283398
176914970
177549501
178186071
178815788
179441167
180031638
180597687
181150127
181700879
182261988
182821963
183370331
183888748
184336203
184708214
185040417
185366316
185680332
185993095
186313196
186645948
186985744
187320751
187659708
188010165
188398433
188848314
189353465
189914583
190497803
191101380
191732261
192406139
193143662
193991436
194945916
195972678
196992641
197995046
198980123
199934528
200861903
201770453
202669113
203570464
204453891
205322604
206198586
207092775
207955991
208801709
209595026
210354637
211081241
211813528
212586657
213387840
214220366
215065232
215922500
216782214
217621494
218424834
219229744
220026105
220774203
221472512
222118955
222703598
223232453
223712689
224179450
224646037
225121224
225615424
226123216
226638077
227172631
227713699
228266904
228807318
229339441
229867810
230382813
230875275
231356281
231848975
232342730
232888395
233456240
234037812
234631807
235220146
235807831
236434049
237070705
237735972
238412347
239069107
239703241
240349042
241010703
241689810
242379499
243066549
243693935
244252797
244756655
245228387
245695260
246160773
246618150
247051821
247455091
247838475
248199475
248523776
248823993
249106365
249369712
249620908
249863528
250095589
250318375
250526676
250718833
250895277
251062283
251217626
251374521
251520633
251657775
251784975
251907635
252028124
252138909
252244686
252352485
252464426
252578904
252676534
252775234
252885949
253010612
253156491
253325941
253511923
253705593
253900345
254097566
254299059
254502926
254705262
254907284
255104994
255296962
255482653
255662862
255837206
256004878
256183954
256484676
256806271
257142260
257488963
257846324
258211246
258575236
258927787
259263822
259581977
259899225
260239171
260628583
261066876
261549678
262076057
262631436
263213494
263820372
264447787
265096662
265785970
266488260
267223388
267918737
268550247
269317093
270430641
271846063
273338214
274862591
276194582
277425442
278578595
279688840
280801608
281982073
283118374
284276490
285361132
286411190
287499950
288572741
289485423
290197446
290729840
291107238
291357484
291518301
291625223
291698318
291770400
291841405
291911394
291984191
292060323
292140750
292225235
292313798
292406361
292503653
292605339
292712074
292824420
292941625
293063650
293188426
293313826
293441361
293576397
293719604
293870844
294029431
294194501
294366670
294550320
294739738
294931068
295125129
295324764
295529752
295738755
295950400
296165810
296385494
296612163
296849868
297101257
297379167
297675164
297988746
298313293
298646669
298983528
299319084
299649860
299974373
300286047
300589473
300884043
301163660
301426886
301670895
301895646
302099450
302282410
302451076
302616138
302777667
302935780
303022327
303157167
303295967
303434071
303567378
303692441
303806899
303907816
303997948
304079855
304155155
304224359
304288571
304349034
304407259
304464910
304521846
304580553
304644312
304731217
304837316
304923114
305000193
305075821
305150874
305226131
305301545
305376517
305451282
305525987
305597588
305667662
305734469
305797102
305854997
305908307
305958819
306002898
306037951
306071027
306155096
306279991
306437315
306626800
306830756
307063208
307342926
307729555
308151846
